# see https://github.com/ioi-2017/tps/blob/master/docs/README.md#gendata

@subtask samples
manual example-1.in

@subtask int32
gen 1 1 same 0
gen 1 1 same 1000000000
gen 2 1 groups 2 0 1 1000000000 1
gen 2 2 groups 2 0 1 1000000000 1
gen 5 1 increasing 0 1
gen 5 5 decreasing 100 10
gen 7 3 groups 4 0 2 1 2 999999999 2 1000000000 1
gen 31 16 progression 0 97
gen 100 37 uniform 0 1000000000
gen 511 256 choice 6 0 1 2 999999998 999999999 1000000000
gen 1999 1000 progression 0 500000
gen 2000 1 uniform 0 1000000000
gen 2000 1000 uniform 0 1000000000
gen 2000 2000 uniform 0 1000000000
gen 2000 1001 groups 4 0 499 1 501 999999999 499 1000000000 501

@subtask full
gen 1 1 same 1000000000000000000
gen 2 1 groups 2 0 1 1000000000000000000 1
gen 2 2 groups 2 1000000001 1 999999999999999999 1
gen 5 3 increasing 1000000001 999999937
gen 5 4 decreasing 1000000000000000000 123456789012345678
gen 7 3 groups 4 1000000001 2 1000000002 2 999999999999999999 2 1000000000000000000 1
gen 31 16 progression 999999999999000000 31337
gen 100 50 choice 7 0 1000000000 1000000001 4294967296 999999999999999998 999999999999999999 1000000000000000000
gen 511 257 uniform 1000000001 1000000000000000000
gen 1999 1 uniform 1000000001 1000000000000000000
gen 2000 1000 uniform 0 1000000000000000000
gen 2000 2000 groups 4 0 499 1000000001 501 999999999999999999 499 1000000000000000000 501
